              precision    recall  f1-score   support

           0    0.48855   0.32000   0.38671       200
           1    0.74766   0.80000   0.77295       200
           2    0.71282   0.69500   0.70380       200
           3    0.58120   0.68000   0.62673       200
           4    0.65550   0.68500   0.66993       200
           5    0.70507   0.76500   0.73381       200

    accuracy                        0.65750      1200
   macro avg    0.64847   0.65750   0.64899      1200
weighted avg    0.64847   0.65750   0.64899      1200
