              precision    recall  f1-score   support

           0    0.70588   0.66000   0.68217       200
           1    0.73457   0.59500   0.65746       200
           2    0.44211   0.42000   0.43077       200
           3    0.69091   0.38000   0.49032       200
           4    0.53311   0.80500   0.64143       200
           5    0.55823   0.69500   0.61915       200

    accuracy                        0.59250      1200
   macro avg    0.61080   0.59250   0.58688      1200
weighted avg    0.61080   0.59250   0.58688      1200
