               precision    recall  f1-score   support

           0    0.86047   0.74000   0.79570       150
           1    0.78626   0.68667   0.73310       150
           2    0.83562   0.81333   0.82432       150
           3    0.72778   0.87333   0.79394       150
           4    0.79866   0.79333   0.79599       150
           5    0.84118   0.95333   0.89375       150
           6    0.68276   0.66000   0.67119       150

    accuracy                        0.78857      1050
   macro avg    0.79039   0.78857   0.78685      1050
weighted avg    0.79039   0.78857   0.78685      1050
