              precision    recall  f1-score   support

           0    0.85816   0.80667   0.83162       150
           1    0.72308   0.62667   0.67143       150
           2    0.76978   0.71333   0.74048       150
           3    0.73684   0.93333   0.82353       150
           4    0.73759   0.69333   0.71478       150
           5    0.74324   0.73333   0.73826       150
           6    0.74534   0.80000   0.77170       150

    accuracy                        0.75810      1050
   macro avg    0.75915   0.75810   0.75597      1050
weighted avg    0.75915   0.75810   0.75597      1050
