              precision    recall  f1-score   support

           0    0.83871   0.72727   0.77903       429
           1    0.71622   0.84574   0.77561       188
           2    0.77094   0.81723   0.79341       383

    accuracy                        0.78400      1000
   macro avg    0.77529   0.79675   0.78268      1000
weighted avg    0.78972   0.78400   0.78389      1000
              precision    recall  f1-score   support

           0    0.79518   0.66000   0.72131       200
           1    0.84536   0.82000   0.83249       200
           2    0.72083   0.86500   0.78636       200

    accuracy                        0.78167       600
   macro avg    0.78712   0.78167   0.78005       600
weighted avg    0.78712   0.78167   0.78005       600
