              precision    recall  f1-score   support

           0    0.58667   0.70968   0.64234        62
           1    0.78431   0.81633   0.80000        49
           2    0.45455   0.57377   0.50725        61
           3    0.58333   0.45161   0.50909        62
           4    0.78125   0.54348   0.64103        46
           5    0.75000   0.38298   0.50704        47
           6    0.78125   0.64103   0.70423        39
           7    0.76923   0.81633   0.79208        49
           8    0.63934   0.90698   0.75000        43
           9    0.64583   0.73810   0.68889        42

    accuracy                        0.65000       500
   macro avg    0.67758   0.65803   0.65419       500
weighted avg    0.66533   0.65000   0.64462       500
              precision    recall  f1-score   support

           0    0.66982   0.77900   0.72030      1000
           1    0.82383   0.79500   0.80916      1000
           2    0.49883   0.64000   0.56067      1000
           3    0.48966   0.59200   0.53599      1000
           4    0.71610   0.50700   0.59368      1000
           5    0.69326   0.39100   0.50000      1000
           6    0.80165   0.77600   0.78862      1000
           7    0.67084   0.80300   0.73100      1000
           8    0.79367   0.77700   0.78525      1000
           9    0.79357   0.76500   0.77902      1000

    accuracy                        0.68250     10000
   macro avg    0.69512   0.68250   0.68037     10000
weighted avg    0.69512   0.68250   0.68037     10000
