              precision    recall  f1-score   support

           0    0.80000   0.64516   0.71429        62
           1    0.78846   0.83673   0.81188        49
           2    0.52174   0.39344   0.44860        61
           3    0.65789   0.40323   0.50000        62
           4    0.57143   0.69565   0.62745        46
           5    0.55357   0.65957   0.60194        47
           6    0.70000   0.53846   0.60870        39
           7    0.62687   0.85714   0.72414        49
           8    0.66102   0.90698   0.76471        43
           9    0.69565   0.76190   0.72727        42

    accuracy                        0.65400       500
   macro avg    0.65766   0.66983   0.65290       500
weighted avg    0.65762   0.65400   0.64447       500
              precision    recall  f1-score   support

           0    0.60124   0.77500   0.67715      1000
           1    0.81646   0.73400   0.77304      1000
           2    0.44404   0.61100   0.51431      1000
           3    0.40114   0.63300   0.49108      1000
           4    0.69118   0.42300   0.52481      1000
           5    0.62466   0.46100   0.53049      1000
           6    0.70434   0.77900   0.73979      1000
           7    0.78675   0.65300   0.71366      1000
           8    0.89181   0.61000   0.72447      1000
           9    0.76802   0.68200   0.72246      1000

    accuracy                        0.63610     10000
   macro avg    0.67296   0.63610   0.64113     10000
weighted avg    0.67296   0.63610   0.64113     10000
