              precision    recall  f1-score   support

           0    0.46667   0.58333   0.51852        12
           1    0.85714   0.75000   0.80000        16
           2    0.21429   0.33333   0.26087         9
           3    0.58333   0.36842   0.45161        19
           4    0.20000   0.16667   0.18182         6
           5    0.25000   0.33333   0.28571         9
           6    0.75000   0.66667   0.70588         9
           7    0.50000   0.80000   0.61538         5
           8    0.85714   0.75000   0.80000         8
           9    0.80000   0.57143   0.66667         7

    accuracy                        0.53000       100
   macro avg    0.54786   0.53232   0.52865       100
weighted avg    0.57483   0.53000   0.54110       100
              precision    recall  f1-score   support

           0    0.60446   0.73200   0.66214      1000
           1    0.71038   0.75300   0.73107      1000
           2    0.46562   0.53500   0.49791      1000
           3    0.45714   0.51200   0.48302      1000
           4    0.62997   0.47500   0.54162      1000
           5    0.61103   0.39900   0.48276      1000
           6    0.76348   0.69400   0.72708      1000
           7    0.65662   0.71900   0.68640      1000
           8    0.68000   0.76500   0.72000      1000
           9    0.72078   0.66600   0.69231      1000

    accuracy                        0.62500     10000
   macro avg    0.62995   0.62500   0.62243     10000
weighted avg    0.62995   0.62500   0.62243     10000
