              precision    recall  f1-score   support

           0    1.00000   1.00000   1.00000        12
           1    1.00000   1.00000   1.00000        16
           2    0.90000   1.00000   0.94737         9
           3    1.00000   0.94737   0.97297        19
           4    1.00000   1.00000   1.00000         6
           5    1.00000   1.00000   1.00000         9
           6    1.00000   1.00000   1.00000         9
           7    1.00000   1.00000   1.00000         5
           8    1.00000   1.00000   1.00000         8
           9    1.00000   1.00000   1.00000         7

    accuracy                        0.99000       100
   macro avg    0.99000   0.99474   0.99203       100
weighted avg    0.99100   0.99000   0.99013       100
              precision    recall  f1-score   support

           0    0.77487   0.74000   0.75703      1000
           1    0.83007   0.80600   0.81786      1000
           2    0.64558   0.54100   0.58868      1000
           3    0.46340   0.63300   0.53508      1000
           4    0.65597   0.65400   0.65498      1000
           5    0.62806   0.59100   0.60896      1000
           6    0.81014   0.75100   0.77945      1000
           7    0.77160   0.77700   0.77429      1000
           8    0.84943   0.81800   0.83342      1000
           9    0.77681   0.80400   0.79017      1000

    accuracy                        0.71150     10000
   macro avg    0.72059   0.71150   0.71399     10000
weighted avg    0.72059   0.71150   0.71399     10000
