              precision    recall  f1-score   support

           0    0.98274   0.98776   0.98524       980
           1    0.98858   0.99119   0.98988      1135
           2    0.98056   0.97771   0.97914      1032
           3    0.97642   0.98416   0.98028      1010
           4    0.98566   0.97963   0.98264       982
           5    0.98754   0.97758   0.98254       892
           6    0.99362   0.97495   0.98419       958
           7    0.97925   0.96401   0.97157      1028
           8    0.96024   0.96715   0.96368       974
           9    0.95087   0.97820   0.96434      1009

    accuracy                        0.97840     10000
   macro avg    0.97855   0.97823   0.97835     10000
weighted avg    0.97853   0.97840   0.97842     10000
              precision    recall  f1-score   support

           0    0.98274   0.98776   0.98524       980
           1    0.98858   0.99119   0.98988      1135
           2    0.98056   0.97771   0.97914      1032
           3    0.97642   0.98416   0.98028      1010
           4    0.98566   0.97963   0.98264       982
           5    0.98754   0.97758   0.98254       892
           6    0.99362   0.97495   0.98419       958
           7    0.97925   0.96401   0.97157      1028
           8    0.96024   0.96715   0.96368       974
           9    0.95087   0.97820   0.96434      1009

    accuracy                        0.97840     10000
   macro avg    0.97855   0.97823   0.97835     10000
weighted avg    0.97853   0.97840   0.97842     10000
              precision    recall  f1-score   support

           0    0.98878   0.98878   0.98878       980
           1    0.99296   0.99383   0.99339      1135
           2    0.98639   0.98353   0.98496      1032
           3    0.97750   0.98911   0.98327      1010
           4    0.98260   0.97760   0.98009       982
           5    0.98764   0.98543   0.98653       892
           6    0.99576   0.98017   0.98790       958
           7    0.98507   0.96304   0.97393      1028
           8    0.97222   0.97023   0.97122       974
           9    0.95315   0.98811   0.97032      1009

    accuracy                        0.98210     10000
   macro avg    0.98221   0.98198   0.98204     10000
weighted avg    0.98224   0.98210   0.98211     10000
              precision    recall  f1-score   support

           0    0.98878   0.98878   0.98878       980
           1    0.99296   0.99383   0.99339      1135
           2    0.98639   0.98353   0.98496      1032
           3    0.97750   0.98911   0.98327      1010
           4    0.98260   0.97760   0.98009       982
           5    0.98764   0.98543   0.98653       892
           6    0.99576   0.98017   0.98790       958
           7    0.98507   0.96304   0.97393      1028
           8    0.97222   0.97023   0.97122       974
           9    0.95315   0.98811   0.97032      1009

    accuracy                        0.98210     10000
   macro avg    0.98221   0.98198   0.98204     10000
weighted avg    0.98224   0.98210   0.98211     10000
