              precision    recall  f1-score   support

           0    0.97408   0.99694   0.98538       980
           1    0.95696   0.99912   0.97759      1135
           2    0.97368   0.96802   0.97085      1032
           3    1.00000   0.95248   0.97566      1010
           4    0.97653   0.97454   0.97554       982
           5    0.99096   0.98318   0.98706       892
           6    0.99681   0.97912   0.98789       958
           7    0.97951   0.97665   0.97808      1028
           8    0.98109   0.95893   0.96989       974
           9    0.94621   0.97621   0.96098      1009

    accuracy                        0.97670     10000
   macro avg    0.97758   0.97652   0.97689     10000
weighted avg    0.97707   0.97670   0.97671     10000
