              precision    recall  f1-score   support

           0    0.00000   0.00000   0.00000         1
           1    1.00000   1.00000   1.00000         1
           2    1.00000   1.00000   1.00000         1
           3    1.00000   1.00000   1.00000         1
           4    0.50000   1.00000   0.66667         1
           5    1.00000   1.00000   1.00000         1
           6    1.00000   1.00000   1.00000         1
           7    0.50000   1.00000   0.66667         1
           8    1.00000   1.00000   1.00000         1
           9    0.00000   0.00000   0.00000         1
          10    1.00000   1.00000   1.00000         1
          11    1.00000   1.00000   1.00000         1
          12    1.00000   1.00000   1.00000         1
          13    0.00000   0.00000   0.00000         1
          14    1.00000   1.00000   1.00000         1
          15    1.00000   1.00000   1.00000         1
          16    1.00000   1.00000   1.00000         1
          17    1.00000   1.00000   1.00000         1
          18    1.00000   1.00000   1.00000         1
          19    0.50000   1.00000   0.66667         1
          20    1.00000   1.00000   1.00000         1
          21    1.00000   1.00000   1.00000         1
          22    0.50000   1.00000   0.66667         1
          23    1.00000   1.00000   1.00000         1
          24    1.00000   1.00000   1.00000         1
          25    1.00000   1.00000   1.00000         1
          26    1.00000   1.00000   1.00000         1
          27    1.00000   1.00000   1.00000         1
          28    1.00000   1.00000   1.00000         1
          29    1.00000   1.00000   1.00000         1
          30    0.00000   0.00000   0.00000         1
          31    0.50000   1.00000   0.66667         1
          32    1.00000   1.00000   1.00000         1
          33    0.50000   1.00000   0.66667         1
          34    0.50000   1.00000   0.66667         1
          35    0.00000   0.00000   0.00000         1
          36    0.50000   1.00000   0.66667         1
          37    0.00000   0.00000   0.00000         1
          38    0.00000   0.00000   0.00000         1
          39    0.00000   0.00000   0.00000         1

    accuracy                        0.80000        40
   macro avg    0.70000   0.80000   0.73333        40
weighted avg    0.70000   0.80000   0.73333        40
